12.4783 2.99833 2.14667 19.6667 83.8333 2.37 2.31667 0.33 1.6 3.17667 0.86 2.96833 381.167 
12.6908 2.4608 2.3936 21.164 95.84 1.9868 1.3024 0.4124 1.3516 5.0868 0.8612 2.2036 603.88 
12.625 2.274 2.447 22.18 97.1 2.036 1.901 0.428 1.378 5.699 0.895 2.418 464.6 
12.3691 2.04182 2.26909 20.2273 90.5455 2.42182 2.05182 0.344545 1.62636 3.51545 1.10909 2.49091 420.545 
13.865 1.79682 2.51136 17.1227 106.773 2.95864 3.12682 0.299091 1.93136 6.29 1.09773 3.04182 1339.41 
12.6867 2.59889 2.24667 20.3056 91.2778 1.80167 1.41722 0.406111 1.30944 4.36667 0.905 2.28778 511.389 
12.9577 2.77258 2.33226 18.8484 105.548 2.02323 1.52161 0.389032 1.48903 5.75032 0.885161 2.35903 737.645 
12.2383 2.10667 2.38667 22 97.6667 2.345 2.305 0.363333 1.56167 2.73333 1.02833 2.815 350.667 
13.5083 1.95517 2.38897 17.8207 107.31 2.78103 2.80793 0.286897 1.8831 5.05828 1.04621 3.12379 1020.97 
12.3625 2.275 2.15 20 89.5 2.26 2.1 0.39 1.6775 2.3875 0.9425 3.1 310.5 
