0.1577320090 
0.1658103080 
0.1398091989 
0.1183377260 
0.0437264410 
0.1252591670 
0.0440335420 
0.0315504351 
0.1066052390 
0.1061061679 
0.0483776261 
0.1794874880 
0.1859868290 
0.0465573990 
0.1399203909 
0.0378339330 
0.1304155120 
0.1427775081 
0.1213722150 
0.1189973471 
0.1122188061 
0.1760694692 
0.1031022992 
0.1163196689 
0.1411380640 
0.1313484840 
0.2078537049 
0.0867080591 
0.0979391129 
0.1179392140 
0.1290015380 
0.1518172759 
0.1661734881 
0.1144294839 
0.1688961161 
0.0811286040 
0.0485220070 
0.1603731010 
0.0334714211 
0.0602457109 
0.0358941781 
0.1621427159 
0.0302596919 
0.1469329321 
0.0387649271 
0.0570064308 
0.0555441862 
0.1472907020 
0.1305795421 
0.1978395029 
0.2074681341 
0.1040179420 
0.1738888018 
0.1253235058 
0.1516967951 
0.1457022170 
0.0706576819 
0.1286400361 
0.1705146420 
0.1397059481 
