1 98.445845 0.000000
2 92.574606 0.000000
3 90.407561 0.000000
4 90.081283 0.000000
5 89.022653 0.000000
6 88.246888 0.000000
7 86.232200 0.000000
8 87.951185 0.000000
9 87.493478 0.000000
10 86.823114 0.000000
11 84.734971 0.000000
12 85.172835 0.000000
13 85.779648 0.000000
14 85.242864 0.000000
15 83.438855 0.000000
16 81.002897 0.000000
17 80.627792 0.000000
18 82.015624 0.000000
19 82.545556 0.000000
20 81.919103 0.000000
21 80.754125 0.000000
22 79.988159 0.000000
23 79.289812 0.000000
24 78.638383 0.000000
25 78.517178 0.000000
26 78.830902 0.000000
27 78.790495 0.000000
28 78.334408 0.000000
29 78.032745 0.000000
30 78.029057 0.000000
31 77.820495 0.000000
32 77.315678 0.000000
33 76.963354 0.000000
34 76.934330 0.000000
35 76.976286 0.000000
36 76.864856 0.000000
37 76.633912 0.000000
38 76.437821 0.000000
39 76.353226 0.000000
40 76.325382 0.000000
41 76.252304 0.000000
42 76.107243 0.000000
43 75.969241 0.000000
44 75.914837 0.000000
45 75.911505 0.000000
46 75.869872 0.000000
47 75.762117 0.000000
48 75.633909 0.000000
49 75.531422 0.000000
50 75.462608 0.000000
51 75.416426 0.000000
52 75.380462 0.000000
53 75.336997 0.000000
54 75.270322 0.000000
55 75.185894 0.000000
56 75.108757 0.000000
57 75.055352 0.000000
58 75.017798 0.000000
59 74.975776 0.000000
60 74.918232 0.000000
61 74.854474 0.000000
62 74.802480 0.000000
63 74.765420 0.000000
64 74.726177 0.000000
65 74.670354 0.000000
66 74.605048 0.000000
67 74.547181 0.000000
68 74.501866 0.000000
69 74.460404 0.000000
70 74.414039 0.000000
71 74.362324 0.000000
72 74.309939 0.000000
73 74.260270 0.000000
74 74.213025 0.000000
75 74.166009 0.000000
76 74.117658 0.000000
77 74.068194 0.000000
78 74.019139 0.000000
79 73.971647 0.000000
80 73.925106 0.000000
81 73.877651 0.000000
82 73.828177 0.000000
83 73.777541 0.000000
84 73.727387 0.000000
85 73.677976 0.000000
86 73.627981 0.000000
87 73.576584 0.000000
88 73.524625 0.000000
89 73.473079 0.000000
90 73.421526 0.000000
91 73.369002 0.000000
92 73.315666 0.000000
93 73.262607 0.000000
94 73.210204 0.000000
95 73.157747 0.000000
96 73.104832 0.000000
97 73.052074 0.000000
98 73.000089 0.000000
99 72.948754 0.000000
100 72.897802 0.000000
