1 187.998814 93.999407 
1 167.110057 83.555028 
0 140.999110 83.555028 
1 120.319241 60.159620 
0 104.443785 60.159620 
0 92.081052 60.159620 
0 82.249481 60.159620 
0 74.271136 60.159620 
0 67.679573 60.159620 
0 62.148368 60.159620 
0 57.444082 60.159620 
0 53.396113 60.159620 
0 49.877236 60.159620 
0 46.790816 60.159620 
0 44.062222 60.159620 
0 41.632955 60.159620 
0 39.456541 60.159620 
0 37.495608 60.159620 
0 35.719775 60.159620 
1 34.104093 17.052047 
0 32.627893 17.052047 
0 31.273905 17.052047 
0 30.027588 17.052047 
0 28.876618 17.052047 
0 27.810475 17.052047 
0 26.820133 17.052047 
0 25.897796 17.052047 
0 25.036703 17.052047 
0 24.230958 17.052047 
0 23.475398 17.052047 
0 22.765481 17.052047 
0 22.097198 17.052047 
0 21.466993 17.052047 
0 20.871705 17.052047 
0 20.308514 17.052047 
0 19.774893 17.052047 
0 19.268576 17.052047 
0 18.787521 17.052047 
0 18.329884 17.052047 
0 17.893998 17.052047 
0 17.478348 17.052047 
0 17.081558 17.052047 
0 16.702374 17.052047 
