1 0.000000
2 -0.440883
3 -0.908090
4 -0.917507
5 -0.779710
6 -0.791093
7 -0.800587
8 -0.810283
9 -0.819752
10 -0.829055
11 -0.838169
12 -0.847094
13 -0.855824
14 -0.864358
15 -0.872691
16 -0.880821
17 -0.888743
18 -0.896454
19 -0.903948
20 -0.911222
21 -0.918269
22 -0.925085
23 -0.931664
24 -0.937997
25 -0.944080
26 -0.949903
27 -0.955458
28 -0.960737
29 -0.965730
30 -0.970427
31 -0.974816
32 -0.978886
33 -0.982625
34 -0.986020
35 -0.989059
36 -0.991730
37 -0.994021
38 -0.995925
39 -0.997437
40 -0.998561
41 -0.999318
42 -0.999750
43 -0.999937
44 -0.999989
45 -0.999999
46 -1.000000
47 -1.000000
48 -0.999989
49 -0.999992
50 -1.000000
51 -1.000000
52 -1.000000
53 -1.000000
54 -1.000000
55 -1.000000
56 -0.999999
57 -0.999999
58 -0.999999
59 -0.999999
60 -0.999984
61 -0.999996
62 -1.000000
63 -0.999999
64 -0.999998
65 -0.999996
66 -0.999993
67 -0.999973
68 -0.999884
69 -0.999902
70 -0.999804
71 -0.999987
72 -0.999985
73 -0.999997
74 -0.999996
75 -1.000000
76 -0.999996
77 -0.999998
78 -0.999951
79 -0.999992
80 -0.999991
81 -0.999971
82 -0.999990
83 -0.999965
84 -0.999988
85 -0.999985
86 -0.999957
87 -0.999955
88 -0.999995
89 -0.999984
90 -0.999992
91 -0.999993
92 -0.999980
93 -0.999988
94 -0.999995
95 -0.999973
96 -0.999989
97 -0.999977
98 -0.999942
99 -0.999974
100 -0.999944
100 -0.999988
