0.1214530330 
0.1478039730 
0.5117275420 
0.7379896150 
0.5011803330 
0.1137240180 
0.9976022471 
1.6283410861 
0.5657945280 
1.7277306970 
0.9458276960 
1.8371143501 
0.7982179140 
1.4071170570 
1.5833979590 
0.6454659180 
0.4649354239 
0.6181549219 
0.7751459919 
0.7656419639 
1.4904040000 
0.8629103380 
1.6930918450 
0.6442168561 
0.6352491580 
1.7197536890 
1.7138133120 
0.5660732720 
1.6629515040 
0.6479802281 
1.6746990400 
0.5508937150 
1.1128089940 
1.0566094770 
0.8265699670 
0.9708426490 
1.1119303750 
0.8973492229 
0.7528770600 
0.7276136010 
0.6445596401 
0.9918832890 
0.7643173570 
0.4893699851 
1.6744823321 
0.7167818079 
0.8371567441 
0.5513323890 
0.5319777790 
0.5580954311 
0.6976909970 
0.7766261561 
0.6171314060 
0.6415722930 
1.6949616700 
0.6070752541 
0.7956871070 
1.1656056870 
0.5719909359 
0.7905857509 
1.6670074420 
0.5195667200 
3.7180459520 
1.3010143950 
0.6709717360 
0.8225362030 
1.0038434420 
3.3554304130 
3.0497177860 
3.0231286851 
3.6562428060 
1.0566209690 
0.7873115541 
0.9235662530 
4.6863518350 
1.7342058901 
1.1448745279 
3.1971928490 
1.3879876330 
0.8984846130 
0.8289759459 
1.1190072980 
3.7258794029 
0.7632590090 
0.5715303971 
0.6923496469 
0.6175958310 
0.8839427499 
0.6110040500 
3.8370794059 
1.2780459099 
1.0678717879 
0.9694691589 
3.3326512310 
0.6299979620 
0.6876778530 
0.8622638130 
0.5704610960 
0.7851658990 
0.5542311240 
4.4456076160 
1.0088086521 
1.6508684549 
1.0311151360 
3.3947825920 
0.5469246510 
0.9010367651 
0.8769784500 
3.2017684970 
4.7936136820 
5.6065678931 
0.8575997209 
0.7974533130 
0.7912675031 
1.0174227840 
4.1863661770 
0.5633194851 
1.7644987380 
0.5823831040 
3.9438386470 
1.6559984491 
1.5143141520 
0.7184661140 
0.9716986930 
3.3574550289 
0.7727966550 
0.9873985910 
1.7870799231 
1.2183267910 
5.1722072731 
0.6529498290 
1.6714656299 
3.0376938790 
1.8530831720 
1.2835493670 
0.5848089840 
0.8483654059 
4.6201904390 
1.7631065201 
0.6311894901 
0.7705364099 
3.0721486190 
1.2410310749 
2.4007602030 
3.2662673630 
1.0830067961 
0.9693222400 
1.0007958980 
0.8709099280 
4.2614096550 
4.2094344370 
3.7399099950 
2.6287137090 
1.1492789290 
0.7025127199 
4.2194416540 
0.6907858821 
1.2528484960 
0.5717155460 
1.1966435399 
0.6640110880 
0.4189198631 
4.7871658511 
0.8191876180 
0.6519439290 
0.5179377550 
1.4756858130 
0.7240054680 
0.5697029390 
4.6844963289 
0.6777736320 
0.7926676940 
1.0260356719 
1.0199543630 
0.9205321100 
1.6936367220 
0.8449142120 
1.0393043939 
0.5633209900 
0.7218685530 
0.8062598080 
1.6325948919 
0.7454818770 
1.0915666110 
0.4889764760 
0.7755809920 
0.9196181811 
0.7443118150 
1.0968393030 
0.8140396870 
0.7312615151 
0.7520597100 
0.7217580950 
1.8723581580 
0.5638577550 
0.5714816810 
0.7361106910 
0.9421243629 
0.6515100930 
0.5513017860 
0.4980744270 
0.8584267281 
0.8174010479 
0.5625230520 
0.9487282450 
1.2498822301 
0.5882391420 
1.1996387610 
0.4246527130 
0.5687183720 
0.6567472500 
0.9444259520 
0.6233084750 
0.6975648010 
1.6757257800 
0.8537650150 
0.9549309670 
0.5493498731 
0.6376859930 
0.7233831040 
0.6608549850 
1.3716005100 
1.8573741821 
0.6035696149 
0.8161028390 
0.8486104410 
0.9047657810 
0.9665454670 
1.0314640010 
0.6919726661 
1.8454111059 
0.6019120500 
0.9357735281 
2.0505211470 
0.6291306680 
0.6497250610 
0.4769273050 
0.6134966670 
0.4874978270 
0.8176335150 
1.7078437600 
0.6700154960 
0.7907310710 
1.1639283440 
0.9316280581 
1.9052213490 
0.6387282900 
1.3241094251 
1.0608635910 
0.7837022200 
0.6780042039 
1.4128514191 
0.5972445461 
0.6162766380 
1.2667914750 
0.7494862830 
0.5210243651 
1.2872699210 
0.5634005801 
0.7093355960 
0.7310701620 
0.5538302510 
0.3741481201 
0.6871960930 
0.7975126740 
0.9445451619 
0.5161282100 
0.7632188160 
0.5651115660 
0.6622287870 
1.6582935499 
0.7367781530 
1.0696220390 
2.2114635110 
0.6427033349 
0.8737986090 
4.5115094320 
0.6740730030 
0.6024868170 
0.6530444970 
0.6546500339 
0.7632625890 
0.6776197160 
0.8216364341 
0.4000850320 
7.2285663290 
0.7465789270 
1.2353264290 
0.6563324300 
1.1767482740 
4.3573049370 
1.7395017380 
1.7883373710 
3.7770790330 
1.9930411030 
0.7979481400 
2.1198312091 
1.8640479851 
6.0741147781 
1.6888575680 
0.4763189870 
0.4544072259 
0.6273269570 
0.4819832150 
0.6277831600 
1.0490387511 
0.6235248350 
0.5149231501 
1.1215286410 
0.5947161140 
0.8887153710 
8.7322451560 
5.2325748580 
5.3146121710 
0.7260311929 
1.0262338590 
1.7223128481 
5.7322147550 
1.0057373550 
1.7135314801 
0.9567572479 
1.0594638970 
4.2010673890 
0.6985779570 
0.8064915690 
0.7529522810 
0.5212669610 
0.5948048970 
0.7486716260 
0.7182206999 
4.8956364751 
0.8701857940 
1.8409421890 
0.6126893720 
3.2232057251 
1.2126884260 
1.2856288491 
1.0582984061 
0.6405208610 
4.5694000489 
1.0330291950 
1.6790906041 
0.7781113910 
4.3704387449 
1.9468016069 
0.9700524030 
0.6842341820 
1.0661866510 
0.6062170930 
3.9249248890 
0.7179728289 
4.9049121330 
3.8765440870 
3.4852226990 
4.2222296110 
4.1705579200 
5.4820264990 
3.6024347191 
5.1553049791 
4.8512877830 
4.0242779010 
4.2310664640 
4.9527043309 
3.9550403960 
5.0486916320 
3.6885485470 
1.4769159480 
1.5611913879 
1.8649832309 
1.7558656220 
1.5831396789 
1.3970029340 
1.5511699060 
1.5973472850 
1.6236152999 
1.4944840660 
1.6912590760 
1.3089178610 
1.8918759590 
1.8404203539 
1.7424877000 
1.2729681680 
2.3009503200 
1.8654630471 
1.6223254580 
1.0788950691 
1.3739655709 
1.5004655269 
1.3688162480 
1.8563501181 
1.5104541990 
1.4749580270 
1.4259880279 
2.1072147830 
1.4535716190 
2.8177617009 
2.1430966180 
0.2454680980 
0.5961268650 
0.9293080660 
0.9069229551 
0.5514153721 
0.5553413740 
0.3695653280 
0.9903165940 
0.8135754850 
0.6720483691 
0.8153304420 
1.5852818260 
1.0100862769 
0.7930049980 
0.7292719360 
0.8429445480 
0.8493893209 
0.9452157990 
0.3636130589 
1.8542048211 
1.6752472561 
0.5890146040 
0.8558832321 
0.4709167951 
1.7678317220 
0.6007261820 
0.5219889170 
0.4123669870 
1.1758007499 
0.4340007450 
0.5838416161 
0.6472682011 
0.7078920770 
0.6709592891 
0.3023551330 
1.0421419019 
0.7672931780 
1.1828701950 
0.7006169620 
0.5035279200 
1.8424309851 
0.7014568570 
0.5039015220 
1.6265609311 
0.6166018930 
0.4261468210 
0.4441342290 
1.0203100019 
1.0529569690 
0.4725455199 
0.5400857481 
0.4967516471 
0.8020027900 
0.7852103270 
1.1267969150 
0.8380718459 
5.1643954719 
1.6341242860 
0.5443299010 
0.5942350330 
1.0807437861 
0.8467798060 
4.2570954161 
5.3419760279 
3.3965096270 
0.7763597890 
5.2114956101 
0.7643630200 
0.7410827130 
1.3769873820 
0.4749254190 
3.6220113660 
1.0820667710 
0.9494137960 
1.6061175970 
1.5140780431 
5.4292732320 
0.6135614549 
0.6520190580 
0.7498875341 
0.5092480880 
0.7263805080 
2.7482731260 
0.5266543741 
0.7844538940 
0.6435579930 
2.3006093340 
4.2608920940 
0.5863743370 
1.5362486140 
0.6280162510 
1.9876406700 
0.5485231550 
0.6759126660 
6.1274672151 
0.7259086260 
1.9752653580 
0.5285541300 
3.6007413190 
0.6507744660 
0.6443160940 
2.1885517470 
4.0926520471 
2.7379410440 
3.3698883801 
3.4984212930 
0.7983782210 
0.5114626870 
0.5498762910 
0.4631316910 
0.5765203659 
0.6869459620 
1.1711243599 
8.0630586530 
0.5924206470 
1.6856461080 
0.6840134040 
4.0648389490 
1.4482094230 
0.4260752210 
0.4141093640 
1.2531434050 
0.9152180781 
3.9438827800 
0.9657610790 
0.9125544800 
1.8466243460 
3.4043242240 
1.6670806509 
0.8804069159 
3.0816671470 
0.9774323381 
0.4818838311 
0.9812958800 
0.5347909729 
2.6570848370 
0.7788557081 
1.1988619929 
0.7818177080 
1.2823108700 
3.4344435229 
0.4514861540 
1.6280009630 
3.6966021281 
4.6008931410 
3.5409163859 
4.0934412469 
0.6666927780 
0.5180179591 
0.5159481220 
0.6307544120 
0.5297392861 
3.6528483289 
1.0782866749 
0.5865155901 
0.8753726090 
3.0242346530 
0.9721754231 
0.8883970320 
0.5527672000 
0.8272943650 
3.7552218210 
1.5539638980 
0.9543071639 
0.9348638130 
0.5500101111 
0.3945965819 
0.6763139990 
0.6256600551 
1.1027420930 
7.4120413930 
1.7059257471 
0.6685208350 
0.6526437539 
0.7360847910 
1.1596011880 
0.8103784510 
0.7172804531 
0.7644606821 
0.3853134421 
0.4979407860 
0.4839717000 
0.5667400779 
0.4835300479 
0.6309871720 
0.7223629990 
0.7097932780 
1.3688375429 
1.0093332540 
0.6136503969 
0.6973954490 
0.6877267160 
0.9397193800 
0.7928597770 
0.9359067170 
0.3958600170 
0.7604456709 
0.6183367830 
0.3807333370 
0.4486751461 
1.7610338271 
1.6315832700 
0.5708814800 
0.8008225620 
0.5416546169 
0.8052697470 
0.6096897461 
0.6568660169 
0.7155365270 
0.8758336750 
0.3982157140 
0.6345167879 
0.5313344441 
0.9392900980 
0.5567467860 
1.5464685471 
0.5974948150 
0.6966883370 
1.1194605810 
1.6934342619 
0.5212319210 
0.6660622590 
1.0076602090 
1.4941044099 
0.6961170450 
0.5791000080 
1.2707222070 
1.6539603650 
0.4716283199 
0.5070335850 
1.4277281651 
0.7211305851 
0.5619577540 
1.6965682129 
0.5097705440 
0.6039105681 
1.6804114111 
0.7837141269 
0.5005889650 
0.4319192830 
0.8546049590 
0.8766166790 
0.6179520150 
0.6349949080 
0.7065566700 
0.8566028951 
1.0624474880 
0.8578707570 
0.9967830851 
0.7300060550 
1.1406840200 
0.4105659539 
0.6554029640 
0.7747587711 
2.4502674460 
0.9111311110 
0.5115496400 
0.8969291829 
0.4324025840 
1.1748957420 
0.5717057250 
0.5176343920 
0.9338337420 
0.5822366599 
0.8724362630 
0.5795346010 
0.9965053539 
0.5507784670 
0.6321091400 
1.0976683430 
0.6916408720 
0.7146945760 
0.5909793080 
1.1923996781 
0.6276442750 
1.6519768910 
0.3526294290 
1.1219228300 
0.5426673810 
0.7218568909 
1.7737590350 
1.6516384199 
0.9393885020 
0.7889022779 
0.8077432060 
0.4745212710 
1.4789618041 
1.2592561459 
4.2680301670 
0.7850984640 
0.4834815220 
0.7194029720 
0.6519244539 
2.9090198700 
1.1145771580 
0.6555924769 
2.9266359661 
2.3229443571 
0.5270277710 
1.0806179980 
0.9590678370 
1.7289530720 
0.8064820840 
6.0914951060 
1.0827262850 
6.0489802770 
2.9995370239 
4.8144223951 
3.3163231380 
4.5228825830 
6.3014649880 
1.3340183890 
0.7038803520 
0.0747263611 
0.1875745349 
0.2058718200 
0.1859663189 
0.2018685921 
0.2092986379 
0.2025628530 
0.2032039892 
0.1885492499 
0.2034564018 
0.2180157129 
0.1717759871 
0.1848777749 
0.1884158140 
0.1874307171 
0.2120246841 
0.2183967661 
0.0591864791 
0.0604968020 
0.0567829930 
0.0565013320 
0.0368189970 
0.0645564359 
0.0298706370 
0.0361287941 
0.0688489480 
0.0453190911 
0.0368075070 
0.0489632122 
0.0300894459 
0.0371781369 
0.0784187471 
0.0533848749 
0.0398561652 
0.0889260271 
0.0421172709 
0.0425508339 
0.0736238630 
0.0438858159 
0.0545152181 
0.0401616571 
0.0361626639 
0.0368849358 
0.0425519431 
0.0327678749 
0.0413996992 
0.0448574910 
0.0769984729 
0.0315052909 
0.0410323991 
0.0495333232 
0.0347363711 
0.0370678569 
0.0653105502 
0.0300793971 
0.0361378861 
0.0695344631 
0.0457410230 
0.0369373381 
0.0491733029 
0.0312957221 
0.0399658459 
0.0788080110 
0.0537680460 
0.0402938782 
0.0894509212 
0.0424790450 
0.0432279049 
0.0740015169 
0.0439918682 
0.0549125900 
0.0403747980 
0.0362546470 
0.0373818281 
0.0427722151 
0.0328651760 
0.0418052920 
0.0450568220 
0.0776692370 
0.0316849418 
0.0414068911 
0.0497436961 
0.0347691712 
0.0483035019 
0.1353448199 
0.1148375191 
0.1766524720 
0.1168467051 
0.1660256600 
0.1279702589 
0.1082746591 
0.1151537609 
0.1429648520 
0.1227205030 
0.1073858058 
0.1357558209 
0.1163023831 
0.1038117770 
0.1149464089 
0.1169633451 
0.1165585241 
0.1210390681 
0.0837946169 
0.1224233119 
0.1401235841 
0.1067407751 
0.1121413710 
0.1574966849 
0.1122543910 
0.1102516660 
0.1258854109 
0.1208772468 
0.1648286870 
0.1115391690 
0.1429420020 
0.1136260459 
0.1286491600 
0.1729329012 
0.1577572459 
0.0979723390 
0.1654803590 
0.1212032482 
0.1787442090 
0.1188866599 
0.1098694152 
0.0895450350 
0.1188848920 
0.1217769692 
0.1948434550 
0.1081226000 
0.1171047059 
0.1245401879 
0.1900829410 
0.1171679772 
0.1555107390 
0.1182751590 
0.1308430471 
0.1267742051 
0.1766494319 
0.1335899748 
0.1194309730 
0.0899666559 
0.0978599791 
0.1227338330 
0.0814468800 
0.1215115299 
0.1388662301 
0.1455858299 
0.1062091440 
0.1167587959 
0.1589757199 
0.0901790170 
0.1267531540 
0.1020004810 
0.0913938810 
0.1109488180 
0.1146931890 
0.1166786640 
0.1043438590 
0.1651894781 
0.1246466401 
0.1043176181 
0.1161343430 
0.0972849180 
0.1108125069 
0.1023071029 
0.1092977619 
0.0868256679 
0.0848543891 
0.1008350279 
0.1378383371 
0.1133260941 
0.0939710580 
0.1013436702 
0.1325294210 
0.1130752650 
0.1728828810 
0.1141813868 
0.1607648660 
0.1246845389 
0.1051732011 
0.1125020219 
0.1390914011 
0.1191326720 
0.1053147719 
0.1332594540 
0.1134107450 
0.1006773680 
0.1115120400 
0.1141063268 
0.1134441949 
0.1190959329 
0.0819129329 
0.1197182841 
0.1366476640 
0.1043013879 
0.1094042340 
0.1548747581 
0.1104109371 
0.1076286682 
0.1228700739 
0.1176849781 
0.1604351150 
0.1084532109 
0.0712752710 
0.0759513550 
0.0550472231 
0.0340409409 
0.0432851792 
0.0406102890 
0.0297362981 
0.0364645871 
0.0736197990 
0.0754129030 
0.0690868641 
0.0380270341 
0.0321925960 
0.0312915610 
0.0456874860 
0.0420716549 
0.0407107112 
0.0530367380 
0.0725754739 
0.0528566060 
0.0550930630 
0.0589199641 
0.0297512889 
0.0515516321 
0.0352351849 
0.0319633950 
0.0362454969 
0.0329938270 
0.0893673750 
0.0707226691 
0.0436124201 
0.0413546220 
0.0643558418 
0.0440555799 
0.0438172100 
0.0566560880 
0.0389040050 
0.0332796590 
0.0306240199 
0.0801549570 
0.0313648628 
0.0459573171 
0.0637376991 
0.0649568620 
0.0508970621 
0.0604875090 
0.0588755941 
0.0370451289 
0.0463031181 
0.0729632971 
0.0363335072 
0.0430042271 
0.0705816611 
0.0513784208 
0.0417815230 
0.0600495280 
0.0470343202 
0.0647462821 
0.0409269019 
0.0352512042 
0.0486075040 
0.0460763371 
0.0343419609 
0.0364588269 
0.0484154329 
0.0337895311 
0.0803861381 
0.0392227750 
0.0296471880 
0.0290918669 
0.0384327529 
0.0458478152 
0.0358431560 
0.0359199359 
0.0523422258 
0.0487066449 
0.0365785081 
0.0335862390 
0.0460567181 
0.0371604490 
0.0730220070 
0.0508195409 
0.0466822791 
0.0836425582 
0.0457563940 
0.0398208790 
0.0361688079 
0.0493349549 
0.0328188080 
0.0290725259 
0.0314609639 
0.0338520501 
0.0306731311 
0.0785575730 
0.0362189182 
0.0465706389 
0.0353416039 
0.0387875950 
0.0274656410 
0.0729791468 
0.0868429490 
0.0477076510 
0.0396831280 
0.0350429541 
0.0330240480 
0.0442898409 
0.0682057429 
0.0420422051 
0.0786385119 
0.0657220848 
0.0280311340 
0.0321659560 
0.0427741560 
0.0758116748 
0.0472727912 
0.0307476011 
0.0368326991 
0.0460536671 
0.0708833109 
0.0367126581 
0.0311284941 
0.0335540101 
0.0303447312 
0.0763100679 
0.0357196662 
0.0457846171 
0.0344835829 
0.0380132531 
0.0269984710 
0.0715907339 
0.0847130029 
0.0466025691 
0.0391234360 
0.0348187150 
0.0326429869 
0.0436209410 
0.0664515779 
0.0410471519 
0.0770482400 
0.0638969222 
0.0275340010 
0.0316541560 
0.0421853750 
0.0740239120 
0.0464291880 
0.0302409709 
0.0364576690 
0.0452020341 
0.0693724379 
0.0362075982 
0.9018604020 
0.7770559059 
0.2603569350 
0.3958527448 
0.4795420880 
0.2608123671 
0.3372648091 
0.3555136230 
0.2926722532 
0.2998678461 
0.2575667680 
0.3253237810 
0.4588343159 
0.2683504801 
0.2676133579 
0.4248324241 
0.4211143318 
0.2609171970 
0.3862453569 
0.4339658089 
0.3781908031 
0.3798615371 
0.3532034359 
0.4408477210 
0.3353928011 
0.3602586379 
0.3529054262 
0.3291453230 
0.3923704750 
0.3186931810 
0.4495406670 
0.2747285699 
0.4259745271 
0.4493355760 
0.2745777890 
0.4267836290 
0.3045219199 
0.2821845929 
0.3693657650 
0.3990118750 
0.4321316350 
0.3329333849 
0.4481458219 
0.3505760189 
0.2599482951 
0.5068012420 
0.4848309632 
0.4310615710 
0.2509095781 
0.3294416158 
0.5035337601 
0.3203274591 
0.3688844030 
0.2738432859 
0.7995291951 
0.3609423898 
0.3629076860 
0.3671255780 
0.4144518620 
0.3491524949 
0.5093155480 
0.3833980379 
0.3498272761 
0.2540588269 
0.2360872470 
0.3043040480 
0.2302024080 
0.4383667619 
0.3848394379 
0.3420886709 
0.3925605700 
0.2850348898 
0.2783263619 
0.2896442530 
0.2508752460 
0.3771821330 
0.4157951321 
0.2864533579 
0.6011725329 
0.4319712978 
0.3000330080 
0.2533743030 
0.3417534300 
0.2964072488 
0.2437510260 
0.3220081690 
0.3614900012 
0.2942367531 
0.4607196790 
0.3333197881 
0.2434037372 
0.2225332290 
0.7677447682 
0.2539852459 
0.2363194849 
0.3041119832 
0.2301232601 
0.4383429529 
0.3843615879 
0.3421296310 
0.3929175700 
0.2845690139 
0.2785003290 
0.2901899100 
0.2507433400 
0.3785558401 
0.4159840008 
0.2859077288 
0.6019192971 
0.4321505509 
0.2998441109 
0.2533313660 
0.3418240219 
0.2963418858 
0.2436444280 
0.3221232139 
0.3619298779 
0.2943378361 
0.4607326931 
0.3331182580 
0.2434421231 
0.2225403450 
0.7682106949 
0.1849172281 
0.1856135249 
0.1827967300 
0.1691607840 
0.1917054751 
0.1842266500 
0.1933192580 
0.1823289839 
0.1871973239 
0.2036483141 
0.1891723310 
0.3995596101 
0.1857717810 
0.1691775511 
0.2566245899 
0.2901921531 
0.2006921161 
0.2000218700 
0.1829036539 
0.1836866420 
0.2229469940 
0.2306836471 
0.1916623691 
0.4325599500 
0.6484956299 
0.1997302040 
0.1880092050 
0.1957790989 
0.6284921940 
0.1875774001 
0.1460877680 
0.1778905210 
0.1882737139 
0.1702190968 
0.1759543440 
0.1517296641 
0.1395901849 
0.1722452210 
0.2189855380 
0.1777386882 
0.2173801130 
0.2084581421 
0.1794010790 
0.1405897501 
0.1485345049 
0.1453489880 
0.1682843480 
0.2619496998 
0.2134299681 
0.2057809061 
0.1394021090 
0.1862296329 
0.2709520820 
0.1969115522 
0.1363754221 
0.1711503889 
0.1801027630 
0.2212544200 
0.2158964460 
0.1782121870 
0.1924079810 
0.1927218840 
0.1980073559 
0.1391339060 
0.1643628280 
0.1733902402 
0.1812049800 
0.1391531250 
0.1619203580 
0.1878273829 
0.1864129622 
0.1523632498 
0.1750466919 
0.1865363710 
0.1574958710 
0.1590129018 
0.1425799220 
0.1724107491 
0.1901737282 
0.1536403501 
0.1772030860 
0.1598935870 
0.1652829521 
0.1736492689 
0.1572782760 
0.1757593530 
0.1995350330 
0.1761044660 
0.1745153430 
0.1908602121 
0.1862805770 
0.2044471481 
0.1896288809 
0.1861224389 
0.2045476951 
0.1894598550 
0.1780108169 
0.1601886861 
0.2037246360 
0.1798144290 
0.1589263959 
0.1750302520 
0.1991394709 
0.1766494538 
0.2157034960 
0.1892716521 
0.2256675449 
0.2148971299 
0.2041482360 
0.2235019179 
0.2057503471 
0.2182581169 
0.2170276351 
0.2099370190 
0.2192943320 
0.1774161861 
0.1877263668 
0.2050236410 
0.1686046061 
0.2071505769 
0.1900871329 
0.1936283710 
0.1853133868 
0.0211529499 
0.0154975611 
0.0233022929 
0.0211929781 
0.0179481781 
0.0199380000 
0.0217722042 
0.0266141230 
0.0152274088 
0.0356451529 
0.0197476288 
0.0222143361 
0.0200880421 
0.0232228518 
0.0151383691 
0.0329215960 
0.0200796511 
0.0195631080 
0.0253931070 
0.0324628120 
0.0209213870 
0.0154568509 
0.0236247629 
0.0243688298 
0.0204449340 
0.0212567889 
0.0156280221 
0.0155166320 
0.0169615010 
0.0171063312 
0.0218253129 
0.0171717829 
0.0210825370 
0.0203421130 
0.0200770309 
0.0213762489 
0.0216162310 
0.0190187348 
0.0205009440 
0.0201207111 
0.0199258800 
0.0174538931 
0.0187676819 
0.0186522619 
0.0190289041 
0.0194016162 
0.0178768269 
0.0184214001 
0.0170473219 
0.0199277999 
0.0213438191 
0.0227181790 
0.0206988549 
0.0253667550 
0.0207570761 
0.0220899440 
0.0200613111 
0.0198123199 
0.0235392731 
0.0210613578 
0.0225272470 
0.0223818240 
0.0364973391 
0.0226372660 
0.0151524791 
0.0242067282 
0.0220333219 
0.0240836970 
0.0222820749 
0.0273814178 
0.0238438139 
0.0191171451 
0.0184696300 
0.0239451560 
0.0218617911 
0.0249175618 
0.0245699598 
0.0250704330 
0.0281337430 
0.0215328280 
0.0227706991 
0.0201228610 
0.0232514120 
0.0260426882 
0.0208261260 
0.0203160131 
0.0232065700 
0.0243557780 
0.0237826449 
0.0262105211 
0.0154000090 
0.0166575089 
0.0158638130 
0.0166253671 
0.0170260021 
0.0166092271 
0.0169709290 
0.0155039020 
0.0179311659 
0.0170984198 
0.0168268401 
0.0165826469 
0.0160454230 
0.0170975011 
0.0161795840 
0.0164696758 
0.0157758440 
0.0155754499 
0.0170301099 
0.0163482269 
0.0152099279 
0.0154273501 
0.0158798820 
0.0165312581 
0.0162229449 
0.0158134219 
0.0154177910 
0.0156186910 
0.0167093980 
0.0168588900 
0.0214138441 
0.0277699751 
0.0303631921 
0.0218866970 
0.0200282570 
0.0229067241 
0.0220630700 
0.0221531701 
0.0239726000 
0.0242483639 
0.0230651551 
0.0205669589 
0.0216581069 
0.0243077320 
0.0227711131 
0.0202920891 
0.0242232629 
0.0243132540 
0.0213925550 
0.0220878979 
0.0228818750 
0.0196128630 
0.0237228090 
0.0198494361 
0.0218603080 
0.0206421791 
0.0199304949 
0.0219288191 
0.0223908802 
0.0209380628 
0.0500488200 
0.0910156850 
0.2524674430 
0.1286955950 
0.0447848550 
0.0539230280 
0.0904421970 
0.0898188300 
0.0413114340 
0.1217831110 
0.0947294850 
0.0423065720 
0.3091394510 
0.1824959480 
0.0527666900 
0.0511923250 
0.1516300470 
0.1550829470 
0.3397726670 
0.0927297520 
0.0541789070 
0.1191493970 
0.0385226160 
0.1067507150 
0.0399639820 
0.0623172910 
0.3046884660 
0.4316163290 
0.1207574060 
0.0548381470 
0.2683137480 
0.2274623530 
0.2052670660 
0.1843559380 
0.1590155100 
0.0673404360 
0.1316102720 
0.0699298830 
0.1286613090 
0.1368713710 
0.1564843030 
0.2164940250 
0.2425966690 
0.1023273750 
0.0610603040 
0.1876064150 
0.0568930080 
0.0860025540 
0.2746765760 
0.1941254300 
0.1079449600 
0.1865584500 
0.1625072880 
0.0705452180 
0.0985443190 
0.0575008970 
0.0546283400 
0.1548707010 
0.1876820670 
0.0687138210 
0.1899818880 
0.0967434720 
0.1019301220 
0.1314387980 
0.4249397460 
0.2877506820 
0.1452951850 
0.1321681510 
0.1484966810 
0.1601252340 
0.2427442230 
0.2552721210 
0.0927702340 
0.1174926540 
0.1864356090 
0.1153457380 
0.0870770000 
0.0880264470 
0.2047292780 
0.0892451080 
0.3655115160 
0.1584593290 
0.0983810190 
0.0904877510 
0.1169364380 
0.0748199950 
0.1312942450 
0.2178181490 
0.0976456130 
0.0859599510 
0.1376158590 
0.3900112670 
0.1131150100 
0.0925780590 
0.2306255250 
0.1115855230 
0.0639580270 
0.3678324560 
0.1236452060 
0.1457128320 
0.1809036400 
0.1383992880 
0.2780486070 
0.1896686740 
0.1815580110 
0.2069208660 
0.2333297580 
0.2335664160 
0.2433329200 
0.0765265730 
0.1771528460 
0.0894005530 
0.1458545540 
0.1144293990 
0.1207412090 
0.2915222350 
0.0643917280 
0.3447682250 
0.1114075310 
0.1688463250 
