194.605880 194.605880
133.793860 133.793860
94.869650 94.869650
94.050070 94.050070
92.413860 92.413860
91.946600 91.946600
90.476040 90.476040
88.387470 88.387470
87.001680 87.001680
86.143870 86.143870
83.697510 83.697510
79.478180 79.478180
76.181070 76.181070
65.555850 65.555850
62.858940 62.858940
56.666300 56.666300
56.108180 56.108180
48.191510 48.191510
35.762610 35.762610
34.784620 34.784620
18.814810 18.814810
18.560020 18.560020
17.314460 17.224270
17.310480 17.224270
17.300840 17.224270
17.279250 17.300840
17.276580 17.310480
17.260010 17.314460
17.254580 17.314460
17.253100 17.314460
17.245730 17.300840
171.882650 171.882650
159.612490 159.612490
17.226480 17.260010
17.224270 17.260010
156.566810 156.566810
144.233150 144.233150
140.791720 140.791720
123.592750 123.592750
119.049800 119.049800
16.986440 16.938380
16.938380 16.938380
16.489200 16.489200
15.326160 15.326160
94.411710 94.411710
12.604150 12.604150
92.703050 92.703050
10.561250 10.561250
91.375950 91.375950
9.368520 9.368520
9.033510 9.033510
8.473770 8.412900
89.340780 89.340780
8.412900 8.412900
8.136070 8.136070
87.310800 87.310800
8.091720 8.136070
8.049900 8.091720
8.013370 8.091720
7.995830 8.049900
84.702870 84.702870
7.907590 7.995830
7.758840 7.758840
78.096680 78.096680
75.313170 75.313170
69.377200 69.377200
68.309970 68.309970
7.049390 7.049390
63.763380 63.763380
61.003310 61.003310
51.438180 51.438180
48.912420 48.912420
5.635170 5.635170
47.535580 47.535580
5.420400 5.420400
40.641420 40.641420
36.758650 36.758650
32.196210 32.196210
29.148240 29.148240
27.384600 27.384600
25.148040 25.148040
21.757190 21.757190
4.832170 4.832170
17.375400 17.280900
17.327520 17.218310
17.295770 17.327520
17.287010 17.375400
17.280900 17.375400
17.258940 17.251110
17.251110 17.218310
17.236820 17.178960
17.223430 17.114290
17.218310 17.114290
17.178960 17.178960
4.245200 4.245200
17.114290 17.178960
17.050720 17.114290
4.127070 4.110170
4.110170 4.110170
16.447470 16.447470
8.925990 8.925990
3.692290 3.692290
8.242600 8.242600
8.075040 8.075040
8.031120 8.075040
3.311950 3.311950
3.254350 3.254350
7.924690 8.031120
7.858700 7.924690
7.749510 7.749510
7.101840 7.101840
2.357490 2.357490
2.213220 2.213220
5.714300 5.714300
5.307030 5.307030
4.872550 4.872550
4.804450 4.776910
4.776910 4.776910
4.722430 4.722430
4.610180 4.610180
1.582580 1.488240
1.488240 1.488240
4.377820 4.377820
4.366340 4.377820
4.354650 4.377820
4.153670 4.153670
4.140070 4.153670
4.075630 4.075630
4.063460 4.063460
3.811870 3.811870
1.019360 1.019360
1.004460 1.019360
0.965840 1.019360
2.144930 2.144930
2.036390 2.036390
0.934010 1.004460
1.936540 1.936540
0.876400 0.934010
1.558060 1.558060
1.307720 1.307720
0.974870 0.974870
0.951130 0.974870
0.721940 0.638630
0.913930 0.951130
0.696100 0.638630
0.901330 0.951130
0.638630 0.638630
0.786550 0.774870
0.774870 0.774870
0.441720 0.441720
0.311070 0.311070
0.220860 0.311070
0.210340 0.311070
0.413320 0.413320
0.400860 0.413320
0.391210 0.413320
0.263120 0.391210
0.178120 0.210340
0.177690 0.210340
0.171790 0.171790
0.170990 0.163210
0.163210 0.135760
0.172850 0.172850
0.171350 0.172850
0.159980 0.082770
0.169950 0.163620
0.158240 0.082770
0.155530 0.082770
0.167060 0.138600
0.142840 0.082770
0.164720 0.138600
0.135760 0.082770
0.163620 0.138600
0.082770 0.082770
0.138600 0.050200
0.028180 0.028180
0.011440 0.028180
0.000150 0.044850
0.050200 0.050200
0.007330 0.028180
0.013140 0.050200
0.002780 0.028180
0.010220 0.050200
0.002180 0.028180
0.009280 0.050200
0.001730 0.028180
0.000020 0.044850
0.001370 0.028180
0.000020 0.041100
0.000790 0.028180
0.002360 0.013140
0.000040 0.000040
0.000040 0.000850
0.000950 0.044850
0.000600 0.041100
0.000670 0.041100
0.000200 0.003650
0.000070 0.011440
0.000280 0.013140
0.001490 0.041100
0.000240 0.000240
0.000200 0.010220
0.000230 0.005270
0.000270 0.006400
0.000070 0.009280
0.007950 0.109140
0.008930 0.109140
0.009680 0.109140
0.000260 0.005270
0.010590 0.099580
0.001120 0.006960
0.031540 0.099580
0.000540 0.015300
0.044850 0.099580
0.099580 0.099580
0.120370 0.099580
0.041100 0.109140
0.154550 0.099580
0.000020 0.000020
0.000850 0.015300
0.000020 0.000020
0.165020 0.099580
0.001600 0.011040
0.109140 0.109140
0.001920 0.011040
0.006960 0.019070
0.152290 0.109140
0.000200 0.062500
0.002590 0.011040
0.004990 0.020010
0.002980 0.008430
0.005270 0.020010
0.156400 0.109140
0.174740 0.120370
0.003330 0.011040
0.176500 0.154550
0.003650 0.011040
0.000220 0.062500
0.162590 0.152290
0.014160 0.019070
0.015300 0.020010
0.020010 0.020010
0.019070 0.056140
0.000230 0.062500
0.183570 0.165020
0.167410 0.156400
0.162020 0.020010
0.184670 0.165020
0.056140 0.056140
0.000230 0.062500
0.162870 0.020010
0.006400 0.017280
0.000240 0.000020
0.116410 0.116410
0.198340 0.198340
0.165280 0.162020
0.008430 0.008430
0.008260 0.017280
0.000430 0.000020
0.160960 0.160960
0.168580 0.162020
0.169020 0.162020
0.000330 0.062500
0.166610 0.169490
0.170330 0.162020
0.169490 0.169490
0.200420 0.228690
0.172400 0.174320
0.256800 0.256800
0.011040 0.025350
0.234930 0.234930
0.218270 0.228690
0.174320 0.182440
0.280880 0.280880
0.228690 0.228690
0.178690 0.247510
0.182440 0.247510
0.017280 0.025350
0.346700 0.346700
0.002450 0.062500
0.022550 0.022550
0.503240 0.503240
0.426870 0.426870
0.457770 0.346700
0.473480 0.346700
0.487890 0.346700
0.025350 0.025350
0.567260 0.503240
0.247510 0.320920
0.598900 0.567260
0.538310 0.346700
0.550620 0.346700
0.288670 0.320920
0.296680 0.320920
0.320920 0.320920
0.004660 0.000020
0.683850 0.683850
0.631480 0.457770
0.690180 0.683850
0.679490 0.457770
0.587120 0.587120
0.004200 0.062500
0.626550 0.426870
0.069510 0.022550
0.005850 0.000020
0.764470 0.764470
0.780590 0.780590
0.665050 0.626550
0.794450 0.810500
0.810500 0.830030
0.727030 0.587120
0.732110 0.587120
0.830030 0.835790
0.088350 0.069510
0.835790 0.835790
0.708540 0.626550
0.714520 0.626550
0.752110 0.727030
0.739230 0.665050
0.893570 0.893570
0.896350 0.893570
0.756500 0.708540
0.926550 0.896350
0.938820 0.926550
0.970770 0.938820
0.842120 0.679490
0.996720 0.970770
1.013230 0.970770
1.119930 1.119930
0.870130 0.842120
0.124690 0.069510
1.170910 1.170910
0.821740 0.821740
0.889210 0.889210
1.356780 1.356780
1.401200 1.453260
1.453260 1.453260
1.628040 1.628040
0.860070 0.882430
1.966430 1.991340
1.991340 2.312170
2.312170 2.420760
2.390050 2.420760
2.420760 2.420760
0.920320 0.870130
0.131860 0.025350
0.882430 0.882430
0.958580 0.988640
3.526930 3.526930
3.577500 3.577500
0.930850 1.024230
0.988640 1.061030
3.907400 4.326360
3.925330 4.326360
1.024230 1.104490
1.032880 1.104490
0.153540 0.088350
0.150610 0.131860
1.061030 1.194800
1.074360 1.104490
1.104490 1.104490
0.012170 0.074730
1.194800 1.281800
4.326360 4.326360
1.211800 1.281800
4.333340 4.326360
1.329310 1.532890
1.281800 1.281800
0.161480 0.131860
0.162260 0.131860
4.567850 4.333340
1.532890 1.665110
1.607660 1.665110
1.473880 1.473880
0.163850 0.131860
4.750860 4.567850
1.665110 1.908170
4.856840 4.750860
0.164510 0.150610
1.781220 1.781220
0.035250 0.077730
4.968650 4.856840
0.167780 0.175890
1.876080 1.876080
1.908170 2.069150
0.062500 0.077730
5.987540 5.987540
0.170540 0.187320
2.009450 2.009450
0.074730 0.077730
6.415000 6.415000
0.077730 0.077730
6.728620 6.728620
2.069150 2.273460
7.219690 7.219690
0.038760 0.093980
7.716280 7.716280
0.105480 0.077730
2.183780 2.183780
0.175890 0.214200
2.273460 2.452420
7.977630 7.977630
0.112580 0.077730
0.173600 0.191760
0.181520 0.214200
2.452420 2.452420
0.186050 0.214200
0.187320 0.214200
0.196580 0.214200
2.891440 2.891440
0.214200 0.214200
2.986470 2.986470
9.717430 9.717430
0.191760 0.191760
10.028670 10.028670
3.112200 2.986470
3.183930 3.112200
3.470290 3.470290
3.414670 3.183930
3.730820 3.730820
2.940500 2.940500
12.344230 12.344230
0.305070 0.305070
3.880670 3.880670
0.252620 0.252620
13.253460 13.253460
3.948570 3.948570
0.157550 0.105480
0.333620 0.305070
4.000690 4.000690
4.024390 4.024390
0.093980 0.093980
14.436420 14.436420
4.091310 4.091310
0.158610 0.105480
0.159480 0.105480
4.255520 4.293700
16.198730 16.198730
0.362560 0.252620
4.293700 4.316370
4.316370 4.316370
0.377900 0.252620
16.620080 16.620080
16.728120 16.620080
0.496270 0.333620
4.468430 4.468430
16.831290 16.728120
4.576010 4.576010
4.591010 4.576010
16.965080 16.965080
4.629330 4.591010
0.128540 0.128540
17.065160 17.065160
0.134050 0.128540
4.167290 4.167290
5.125100 5.125100
0.140760 0.128540
17.202630 17.270050
0.560790 0.362560
0.145580 0.134050
0.148610 0.134050
17.230700 17.202630
5.473260 5.473260
5.681160 5.763910
5.763910 5.927710
17.270050 17.202630
0.164100 0.112580
5.927710 5.927710
17.288800 17.418370
17.303470 17.418370
17.305720 17.418370
17.418370 17.642800
17.642800 17.642800
0.673490 0.496270
6.173580 6.173580
0.647660 0.377900
21.258820 21.258820
6.792790 6.792790
6.845350 6.792790
0.165880 0.112580
4.526880 4.526880
7.303940 7.303940
4.204500 4.232870
4.541510 4.526880
7.521600 7.521600
4.232870 4.232870
7.549910 7.521600
50.058810 50.058810
7.873050 8.183410
7.890850 8.183410
7.941000 8.183410
8.183410 8.183410
0.168290 0.157550
0.745650 0.560790
9.870600 9.870600
0.759160 0.560790
11.319860 11.319860
4.899210 4.899210
64.504230 65.040320
65.040320 65.040320
0.804770 0.857280
73.714660 73.714660
0.816890 0.857280
0.797760 0.647660
78.981330 78.981330
0.799950 0.647660
82.143110 82.559590
82.559590 82.955290
82.955290 82.955290
4.442530 4.442530
85.098570 85.098570
4.455240 4.442530
90.794620 90.794620
92.936290 92.936290
4.478300 4.442530
95.848350 95.848350
0.857280 1.083860
4.511910 4.442530
5.880870 5.880870
0.853280 0.759160
125.815050 125.815050
127.791710 127.791710
0.175200 0.194500
136.180370 136.180370
0.865070 0.799950
142.855930 142.855930
4.649580 4.649580
169.621770 169.621770
6.526750 6.526750
177.810180 177.810180
187.803020 187.803020
0.179650 0.224190
0.944970 1.344490
190.996000 190.996000
17.215390 17.215390
6.934360 6.934360
0.177140 0.240900
17.235250 17.215390
17.239760 17.215390
17.243790 17.215390
0.981330 1.344490
17.256110 17.215390
17.257150 17.215390
17.258500 17.258500
17.280230 17.280230
5.041180 5.041180
0.189260 0.224190
0.194500 0.224190
1.083860 1.344490
0.206040 0.271070
0.180470 0.240900
1.091660 1.344490
26.776020 26.776020
1.136520 1.344490
1.153560 1.344490
0.224190 0.271070
1.039120 1.039120
7.575830 7.575830
7.602330 7.575830
1.233740 2.106610
1.257590 2.106610
39.799840 39.799840
1.344490 2.106610
0.271070 0.271070
7.696940 7.696940
46.924060 46.924060
52.776550 52.776550
53.412460 53.412460
61.480490 61.480490
2.106610 2.106610
6.277780 6.277780
1.750850 1.750850
1.805050 1.805050
1.821860 1.821860
68.858760 68.858760
70.393970 70.393970
0.202490 0.240900
0.513030 0.271070
80.557130 81.264720
80.981190 81.264720
81.264720 81.264720
2.672250 2.672250
85.472000 85.472000
7.152190 7.152190
0.240900 0.524750
88.169430 88.169430
8.218760 8.218760
88.814910 88.169430
89.007480 88.814910
3.361320 3.361320
89.189840 88.814910
90.109430 90.109430
7.464870 7.464870
0.619110 0.513030
93.649540 93.649540
8.705920 8.705920
99.991810 99.991810
7.654140 7.654140
0.524750 0.524750
4.219860 4.219860
108.001030 108.001030
7.735690 7.790080
0.576420 0.524750
4.176940 4.176940
10.453920 10.453920
0.609270 0.524750
7.773010 7.850020
7.790080 7.850020
7.805580 7.850020
7.850020 7.953820
0.656290 0.524750
4.282940 4.176940
12.860770 12.860770
4.398960 4.429360
167.089850 167.089850
4.429360 4.556670
13.714260 13.714260
185.319860 185.319860
7.953820 7.953820
0.702670 0.576420
14.766530 14.766530
14.943720 14.943720
4.556670 5.213860
0.769980 0.769980
15.864820 15.864820
4.485250 4.670290
15.970890 15.970890
4.670290 5.821740
0.847540 0.847540
16.881420 16.881420
5.213860 6.217280
5.259100 6.217280
0.906850 0.906850
0.791350 0.702670
8.436180 8.436180
6.217280 6.464400
6.464400 6.464400
8.523260 8.436180
17.093250 17.145550
17.103040 17.145550
8.619590 8.523260
17.124010 17.145550
5.821740 6.350160
7.258610 6.464400
17.132280 17.145550
7.418220 7.258610
6.132980 6.350160
17.145550 17.145550
6.350160 6.350160
6.666000 6.666000
7.676520 7.258610
8.829710 8.829710
0.824760 0.791350
7.446960 6.666000
9.141820 9.141820
7.491260 6.666000
17.196560 17.145550
9.574310 9.574310
7.821780 7.446960
17.221150 17.145550
8.274520 8.274520
8.308700 8.308700
8.064750 7.821780
8.158830 8.064750
8.203710 8.064750
8.655530 8.655530
17.241720 17.196560
8.381890 8.381890
1.049600 1.049600
1.426510 1.722900
17.248930 17.196560
1.185300 1.049600
10.721530 10.721530
9.453300 9.453300
13.470150 13.470150
17.264190 17.293570
17.264790 17.293570
13.964640 13.964640
11.849860 11.849860
17.267510 17.332290
1.722900 2.237190
1.376200 1.185300
13.084220 13.084220
10.911870 10.911870
15.144000 15.144000
1.508570 1.376200
15.653510 15.653510
17.283770 17.332290
16.094770 16.094770
14.207830 14.207830
2.237190 2.485850
14.629790 14.629790
17.291390 17.332290
2.485850 2.535340
1.643350 1.508570
2.535340 2.535340
17.293570 17.332290
2.751820 2.751820
15.782580 15.782580
1.693210 1.508570
16.917430 16.917430
17.077590 16.917430
3.624760 2.751820
3.664660 2.751820
17.149240 17.077590
16.809080 16.809080
17.155310 17.149240
16.676990 16.676990
3.770560 2.751820
1.846120 1.846120
17.189250 17.189250
17.332290 17.221150
16.775120 16.775120
3.847250 2.751820
17.212660 17.237820
17.229120 17.307350
17.087260 17.087260
17.237820 17.307350
17.562090 17.562090
17.249670 17.339010
17.162620 17.162620
17.168790 17.173960
17.173960 17.185540
17.185540 17.193130
17.193130 17.271250
17.898240 17.898240
17.265550 17.339010
19.343910 19.343910
4.190020 3.770560
17.271250 17.322960
2.595830 2.830360
2.830360 3.045640
17.307350 17.237820
3.045640 3.045640
4.273730 4.190020
17.339010 17.249670
17.479070 17.479070
4.304240 4.273730
17.767800 17.767800
3.974910 3.974910
17.322960 17.087260
4.342220 4.388250
4.047160 3.974910
20.217580 20.217580
4.388250 4.388250
20.714710 20.714710
22.203820 22.203820
22.828710 22.828710
17.199800 17.199800
18.303810 18.303810
25.995990 25.995990
28.200530 28.200530
17.206460 17.199800
17.209560 17.199800
33.094390 33.094390
4.262920 4.496580
39.199310 39.199310
4.933690 5.168170
46.121040 46.121040
33.773780 33.773780
5.168170 5.168170
50.712490 50.712490
37.741640 37.741640
57.218560 57.218560
42.501420 42.501420
57.727150 57.727150
43.377800 43.377800
44.192540 44.192540
45.426570 45.426570
4.404960 4.262920
61.889770 61.889770
4.416230 4.262920
6.046440 6.046440
72.847370 72.847370
6.091080 6.046440
77.217950 77.217950
58.557690 58.557690
60.161780 60.161780
61.278970 61.278970
4.496580 4.262920
62.385270 62.385270
81.684620 81.684620
66.534210 66.534210
67.762360 67.762360
69.903490 69.903490
70.724930 70.724930
6.597260 6.091080
75.742150 75.742150
79.173910 79.173910
87.585320 87.585320
17.260740 17.260740
6.882120 6.597260
88.048860 87.585320
4.688110 5.003530
17.261860 17.266360
4.701560 5.003530
83.914240 83.914240
7.192580 6.597260
5.003530 5.347870
17.266360 17.298240
5.069540 5.347870
5.090580 5.376900
72.350400 72.350400
90.629180 90.629180
5.347870 5.528180
5.376900 5.528180
5.528180 5.579220
7.382290 6.882120
5.579220 5.579220
73.956080 73.956080
74.364340 73.956080
91.780030 91.780030
89.601770 89.601770
17.272290 17.298240
92.106070 92.106070
7.622530 7.192580
17.277940 17.298240
91.453730 91.453730
95.349080 95.349080
96.398190 96.398190
96.938790 96.938790
92.271800 92.271800
92.509400 92.509400
79.742320 79.949440
93.169540 93.169540
7.836960 7.836960
103.947890 103.947890
79.949440 79.949440
106.139470 106.139470
109.951930 109.951930
116.953800 116.953800
8.113610 8.343030
17.290300 17.298240
138.516920 138.516920
8.343030 8.753010
83.348590 83.348590
151.261450 151.261450
7.345260 7.345260
84.282190 84.282190
111.960630 111.960630
17.298240 17.298240
180.018650 180.018650
8.753010 9.266040
9.266040 9.266040
152.948630 152.948630
154.783890 154.783890
7.635330 7.635330
181.941700 181.941700
10.186880 10.186880
189.497930 189.497930
198.827490 200.748570
200.748570 200.748570
11.116830 11.648810
11.648810 12.090820
89.953590 89.953590
12.090820 12.090820
7.963830 7.963830
91.244540 91.244540
8.577250 8.577250
15.493370 15.493370
19.023040 19.023040
16.287320 15.493370
10.332140 10.332140
93.882220 93.882220
17.034970 17.034970
17.140020 17.140020
11.498740 11.498740
23.543580 23.543580
17.183240 17.285400
101.024540 101.024540
17.204950 18.085010
104.614810 104.614810
17.232950 18.085010
16.375340 16.375340
16.551990 16.375340
16.848990 16.551990
146.357480 146.357480
16.997920 16.848990
17.015140 16.848990
17.272830 16.287320
17.282180 17.034970
17.285400 17.034970
186.278150 186.278150
18.085010 19.757610
19.757610 19.757610
17.247670 17.705450
196.406670 196.406670
199.821580 199.821580
24.330940 24.330940
30.191690 30.191690
17.262990 17.318780
17.268640 17.015140
17.273820 16.997920
17.275040 16.997920
41.550270 41.550270
58.050740 58.050740
44.907480 44.907480
59.135910 59.135910
49.548650 49.548650
17.318780 17.273820
60.607710 60.607710
17.350500 17.705450
17.705450 17.705450
54.321450 54.860830
54.860830 54.860830
63.331180 63.331180
66.047260 66.047260
74.842630 74.842630
31.173460 31.173460
76.566000 76.566000
76.813630 76.813630
38.425510 38.425510
80.164850 80.164850
52.140860 52.140860
53.951430 53.951430
55.497550 55.497550
73.322610 73.322610
59.670690 59.670690
64.060580 64.060580
67.006370 67.006370
67.306540 67.006370
90.262810 90.262810
91.096320 91.096320
71.221730 71.221730
71.798390 71.221730
77.679970 77.679970
78.462740 78.462740
78.712530 78.462740
121.379770 121.379770
129.187800 129.187800
85.830480 85.830480
86.327780 85.830480
87.841880 86.327780
89.431560 87.841880
89.785710 89.431560
90.396620 89.785710
193.528190 193.528190
197.704040 197.704040
93.400790 93.400790
98.069710 99.014240
99.014240 99.014240
102.131010 103.186390
103.186390 103.186390
86.650680 86.650680
113.725550 113.725550
131.296780 131.296780
88.614050 88.614050
161.926100 161.926100
173.291850 173.291850
175.376360 175.376360
90.949480 90.949480
91.607400 91.607400
97.309930 97.309930
114.990180 114.990180
148.860360 148.860360
157.951560 157.951560
164.480370 164.480370
183.742300 183.742300
192.297820 192.297820
195.285500 195.285500
